P0: 0.0984758
P1: -0.123744
P2: 0.0975241
P3: -0.10499
P4: 0.0995498
P5: 0.099556
P6: 0.0998466
P7: 0.0999795
P8: 0.0994816
P9: 0.0994859
P10: 0.0984758
P11: -0.123744
P12: 0.0975241
P13: -0.10499
P14: 0.0995498
P15: 0.099556
P16: 0.0998466
P17: 0.0999795
P18: 0.0994816
P19: 0.0994859
P20: 0.5
P21: 0.753051
P22: 0.27843
y: 1.79769e+308
