P0: 0.104254
P1: -0.0974726
P2: 0.102371
P3: -0.110141
P4: 0.105728
P5: 0.105738
P6: 0.106226
P7: 0.10644
P8: 0.105616
P9: 0.105624
P10: 0.104418
P11: -0.128625
P12: 0.103131
P13: -0.108602
P14: 0.105866
P15: 0.105873
P16: 0.106269
P17: 0.106445
P18: 0.105775
P19: 0.10578
P20: 0.626061
P21: 0.758941
P22: 0.344653
y: 3.13322e+06
